A0=[...
   0      1      0   1.424e+06   1.424e+06    1.424e+04    4.7e+02    1.0e+00   1.872e+01
   1      2      2   1.336e+06   1.336e+06    -9.572e+03    3.6e+02    1.0e+00   2.529e+01
   2      3      6   1.259e+06   1.259e+06    -1.419e+04    1.7e+02    1.0e+00   7.680e+01
   3      4     12   1.218e+06   1.218e+06    -1.906e+04    8.6e+01    1.0e+00   2.416e+02
   4      5     14   1.197e+06   1.197e+06    -1.230e+04    1.3e+02    1.0e+00   2.387e+02
   5      6     22   1.191e+06   1.191e+06    -1.343e+04    3.7e+01    1.0e+00   4.624e+02
   6      7     24   1.183e+06   1.183e+06    -1.047e+04    1.4e+01    1.0e+00   4.330e+02
   7      8     28   1.182e+06   1.182e+06    -1.337e+04    6.8e+00    1.0e+00   4.222e+02
   8      9     30   1.181e+06   1.181e+06    -1.206e+04    1.1e+01    1.0e+00   4.270e+02
   9     10     40   1.181e+06   1.181e+06    -1.464e+04    7.6e+00    1.0e+00   5.749e+02
  10     11     42   1.180e+06   1.180e+06    -1.381e+04    1.3e+01    1.0e+00   5.579e+02
  11     12     47   1.179e+06   1.179e+06    -1.509e+04    1.4e+01    1.0e+00   5.444e+02
  12     13     50   1.179e+06   1.179e+06    -1.453e+04    7.7e+00    1.0e+00   5.447e+02
  13     14     60   1.179e+06   1.179e+06    -1.472e+04    7.4e+00    1.0e+00   5.686e+02
  14     15     63   1.179e+06   1.179e+06    -1.472e+04    2.6e+00    1.0e+00   5.684e+02
  15     16     73   1.179e+06   1.179e+06    -1.475e+04    2.5e+00    1.0e+00   5.863e+02
  16     17     83   1.179e+06   1.179e+06    -1.481e+04    3.0e+00    1.0e+00   5.917e+02
  17     18     93   1.179e+06   1.179e+06    -1.484e+04    3.0e+00    1.0e+00   6.013e+02
  18     19    103   1.179e+06   1.179e+06    -1.490e+04    3.9e+00    1.0e+00   6.075e+02
  19     20    113   1.179e+06   1.179e+06    -1.488e+04    3.1e+00    1.0e+00   6.150e+02
  20     21    123   1.179e+06   1.179e+06    -1.494e+04    1.4e+00    1.0e+00   6.205e+02
  21     22    133   1.179e+06   1.179e+06    -1.492e+04    9.3e-01    1.0e+00   6.279e+02
  22     23    143   1.179e+06   1.179e+06    -1.497e+04    7.8e-01    1.0e+00   6.320e+02
  23     24    153   1.179e+06   1.179e+06    -1.494e+04    1.8e+00    1.0e+00   6.389e+02
  24     25    163   1.179e+06   1.179e+06    -1.498e+04    8.9e-01    1.0e+00   6.425e+02
  25     26    173   1.179e+06   1.179e+06    -1.501e+04    2.8e+00    1.0e+00   6.529e+02
  26     27    175   1.179e+06   1.179e+06    -1.496e+04    3.5e+00    1.0e+00   6.529e+02
  27     28    179   1.179e+06   1.179e+06    -1.497e+04    1.8e+00    1.0e+00   6.535e+02
  28     29    189   1.179e+06   1.179e+06    -1.501e+04    3.0e+00    1.0e+00   6.672e+02
  29     30    196   1.179e+06   1.179e+06    -1.499e+04    1.3e+00    1.0e+00   6.687e+02
  30     31    206   1.179e+06   1.179e+06    -1.496e+04    1.8e+00    1.0e+00   6.786e+02
  31     32    211   1.179e+06   1.179e+06    -1.498e+04    1.2e+00    1.0e+00   6.790e+02
  32     33    221   1.179e+06   1.179e+06    -1.497e+04    1.2e+00    1.0e+00   6.837e+02
  33     34    231   1.179e+06   1.179e+06    -1.498e+04    8.5e-01    1.0e+00   6.869e+02
  34     35    241   1.179e+06   1.179e+06    -1.496e+04    1.0e+00    1.0e+00   6.899e+02
  35     36    251   1.179e+06   1.179e+06    -1.496e+04    5.1e-01    1.0e+00   6.924e+02
  36     37    261   1.179e+06   1.179e+06    -1.495e+04    1.1e+00    1.0e+00   6.954e+02
  37     38    271   1.179e+06   1.179e+06    -1.495e+04    9.5e-01    1.0e+00   6.979e+02
  38     39    281   1.179e+06   1.179e+06    -1.495e+04    9.1e-01    1.0e+00   7.006e+02
  39     40    291   1.179e+06   1.179e+06    -1.495e+04    9.4e-01    1.0e+00   7.034e+02
  40     41    301   1.179e+06   1.179e+06    -1.494e+04    1.4e+00    1.0e+00   7.077e+02
  41     42    304   1.179e+06   1.179e+06    -1.493e+04    6.0e-01    1.0e+00   7.078e+02
  42     43    314   1.179e+06   1.179e+06    -1.494e+04    2.0e+00    1.0e+00   7.234e+02
  43     44    317   1.179e+06   1.179e+06    -1.493e+04    1.4e+00    1.0e+00   7.235e+02
  44     45    324   1.179e+06   1.179e+06    -1.494e+04    2.5e-01    1.0e+00   7.244e+02
  45     46    334   1.179e+06   1.179e+06    -1.492e+04    8.3e-01    1.0e+00   7.309e+02
  46     47    340   1.179e+06   1.179e+06    -1.492e+04    3.0e-01    1.0e+00   7.315e+02
  47     48    350   1.179e+06   1.179e+06    -1.491e+04    5.1e-01    1.0e+00   7.382e+02
  48     49    355   1.179e+06   1.179e+06    -1.491e+04    3.2e-01    1.0e+00   7.385e+02
  49     50    365   1.179e+06   1.179e+06    -1.490e+04    4.6e-01    1.0e+00   7.412e+02
  50     51    371   1.179e+06   1.179e+06    -1.490e+04    4.1e-01    1.0e+00   7.419e+02];
